[General]
AdvancedBlur = 1
Brightness = 1
Contrast = 1
Saturation = 1
Hue = 1
Emboss = 1
GaussNoise = 1
ISONoise = 1
MultiplicativeNoise = 1
RandomFog = 1
RandomShadow = 1
RandomToneCurve = 1
RingingOvershoot = 1
PixelDropout = 1
CLAHE = 1
Translate = 1
Scale = 1
Shear = 1
RandomGridShuffle = 1
CoarseDropout = 1
Perspective = 1
SafeRotate = 1
D4 = 1

[AdvancedBlur]
blur_limit = 9, 9
sigma_x_limit = 1.0999999999999992, 1.0999999999999992
sigma_y_limit = 1.0999999999999992, 1.0999999999999992
rotate_limit = 45, 45
noise_limit = 0.9999999999999997, 0.9999999999999997
p = 1

[Brightness]
brightness = 1.6000000000000005, 1.6000000000000005
p = 1

[Contrast]
contrast = 1.5000000000000004, 1.5000000000000004
p = 1

[Saturation]
saturation = 1.6000000000000005, 1.6000000000000005
p = 1

[Hue]
hue = 0.4, 0.4
p = 1

[Emboss]
alpha = 0.7000000000000001, 0.7000000000000001
strength = 0.8999999999999997, 0.8999999999999997
p = 1

[GaussNoise]
var_limit = 0.008, 0.008
p = 1

[ISONoise]
color_shift = 0.5000000000000003, 0.5000000000000003
intensity = 0.3400000000000001, 0.3400000000000001
p = 1

[MultiplicativeNoise]
multiplier = 1.6000000000000005, 1.6000000000000005
p = 1

[RandomFog]
fog_coef_range = 0.20000000000000004, 0.20000000000000004
alpha_coef = 0.801
p = 1

[RandomShadow]
num_shadows_limit = 3, 3
shadow_dimension = 4.0
p = 1

[RandomToneCurve]
scale = 0.28
p = 1

[RingingOvershoot]
blur_limit = 7, 7
cutoff = 0.8000000000000007, 0.8000000000000007
p = 1

[PixelDropout]
dropout_prob = 0.32
p = 1

[CLAHE]
p = 1

[AffineTranslate]
translate_percent = -0.15, 0.15
p = 1

[AffineScale]
scale = -1.31, 1.31
p = 1

[AffineShear]
shear = -4.54, 4.54
p = 1

[RandomGridShuffle]
grid = 4, 4
p = 1

[CoarseDropout]
num_holes_range = 30, 30
hole_height_range = 34, 34
hole_width_range = 36, 36
p = 1

[Perspective]
scale = 0.11000000000000004, 0.11000000000000004
p = 1

[SafeRotate]
limit = 45, 45
p = 1

[D4]
p = 1
