[General]
AdvancedBlur = 1
Brightness = 1
Contrast = 1
Saturation = 1
Hue = 1
Emboss = 1
GaussNoise = 1
ISONoise = 1
MultiplicativeNoise = 1
RandomFog = 1
RandomShadow = 1
RandomToneCurve = 1
RingingOvershoot = 1
PixelDropout = 1
CLAHE = 1
Translate = 1
Scale = 1
Shear = 1
RandomGridShuffle = 1
CoarseDropout = 1
Perspective = 1
SafeRotate = 1
D4 = 1

[AdvancedBlur]
blur_limit = 3, 3
sigma_x_limit = 0.49999999999999933, 0.49999999999999933
sigma_y_limit = 0.49999999999999933, 0.49999999999999933
rotate_limit = 45, 45
noise_limit = 0.9999999999999997, 0.9999999999999997
p = 1

[Brightness]
brightness = 0.7, 0.7
p = 1

[Contrast]
contrast = 0.7, 0.7
p = 1

[Saturation]
saturation = 0.7, 0.7
p = 1

[Hue]
hue = -0.3, -0.3
p = 1

[Emboss]
alpha = 0.30000000000000016, 0.30000000000000016
strength = 0.2999999999999998, 0.2999999999999998
p = 1

[GaussNoise]
var_limit = 0.001000000000000007, 0.001000000000000007
p = 1

[ISONoise]
color_shift = 0.20000000000000037, 0.20000000000000037
intensity = 0.11000000000000007, 0.11000000000000007
p = 1

[MultiplicativeNoise]
multiplier = 0.7000000000000001, 0.7000000000000001
p = 1

[RandomFog]
fog_coef_range = 0.09000000000000004, 0.09000000000000004
alpha_coef = 0.411
p = 1

[RandomShadow]
num_shadows_limit = 1, 1
shadow_dimension = 3.0
p = 1

[RandomToneCurve]
scale = 0.05
p = 1

[RingingOvershoot]
blur_limit = 7, 7
cutoff = 1.5000000000000009, 1.5000000000000009
p = 1

[PixelDropout]
dropout_prob = 0.02
p = 1

[CLAHE]
p = 1

[AffineTranslate]
translate_percent = -0.05, 0.05
p = 1

[AffineScale]
scale = -0.91, 0.91
p = 1

[AffineShear]
shear = -0.54, 0.54
p = 1

[RandomGridShuffle]
grid = 4, 4
p = 1

[CoarseDropout]
num_holes_range = 10, 10
hole_height_range = 14, 14
hole_width_range = 16, 16
p = 1

[Perspective]
scale = 0.010000000000000037, 0.010000000000000037
p = 1

[SafeRotate]
limit = -5, 5
p = 1

[D4]
p = 1
